1- Vasilisa
234 177 249 147 206
10110000 11001000 10000111 10110100 11001001

2- Artūras
252 202 176 152 179
10000011 10000110 11000001 11111111 10110010

3- Kamila
146 165 137 232 138
11100001 11010100 11101011 10001001 10101011

4- Milana N-P
227 245 184 246 181
10111110 11101001 11100011 11000111 10000010

5- Aleksandr
149 132 189 217 157
10001100 11111101 10111011 10110110 10010000

6- Milana N
178 151 237 135 164
11101100 11100010 10010111 10100000 10011011

7- Biniamin
166 159 231 243 255
11010001 11010000 11001111 10011000 11001101

8- Pavel
195 162 222 148 200
10011100 10100101 11111010 11110001 11111000

9- Bogdan
213 226 244 154 203
11011110 11000000 11100110 11101010 11011101

10- Rita
201 225 235 186 250
10001101 11111110 10010100 11001011 11100100

11- Mila
169 209 188 224 204
10111101 10010110 10011110 10010010 10001111

12- Sofija
129 228 229 145 210
11000010 10110001 10100111 11100111 11010110

13– Ksenija
185 247 198 143 161
11110100 10111001 10010001 10101110 10001010

14– Veronika
134 168 155 199 170
11000100 11100101 11110111 11101110 10100011

15– Viktorija
191 194 167 214 190
10000001 11110101 10001011 11011010 10101010
