1 – Elan
234 177 249 147 206
10110000 11001000 10000111 10110100 11001001

2 – Greta
252 202 176 152 179
10000011 10000110 11000001 11111111 10110010

3 – Angelina
146 165 137 232 138
11100001 11010100 11101011 10001001 10101011

4 – Mila
227 245 184 246 181
10111110 11101001 11100011 11000111 10000010

5 – Anna
149 132 189 217 157
10001100 11111101 10111011 10110110 10010000

6 – Julija
178 151 237 135 164
11101100 11100010 10010111 10100000 10011011

7 – Milana
166 159 231 243 255
11010001 11010000 11001111 10011000 11001101

8 – Marta
195 162 222 148 200
10011100 10100101 11111010 11110001 11111000

9 – Gloria
213 226 244 154 203
11011110 11000000 11100110 11101010 11011101

10 – Maksim
201 225 235 186 250
10001101 11111110 10010100 11001011 11100100

11 – Karina
169 209 188 224 204
10111101 10010110 10011110 10010010 10001111

12 – Margarita
129 228 229 145 210
11000010 10110001 10100111 11100111 11010110

13 – Darija
185 247 198 143 161
11110100 10111001 10010001 10101110 10001010

14 – Džastin
134 168 155 199 170
11000100 11100101 11110111 11101110 10100011

15 – Jelizaveta
191 194 167 214 190
10000001 11110101 10001011 11011010 10101010

16 – Kristian
251 241 187 175 130
11111011 10011101 10100010 11000110 10101001

17 – Evgenia
233 239 174 238 180
10011010 11010010 11111001 11011001 10101000

18 – Daria
223 208 192 172 136
11010101 11010111 10101101 11100000 11110110

19 – Anastasiia
183 216 212 139 218
11000011 11110000 10100001 11001010 10101100

20 – Matvėjus
211 140 221 150 128
11011011 10010011 11110011 10110111 10000100
